5.1 14966.6
5.1006 14977.2
5.1012 14987.8
5.1018 14998.3
5.1024 15008.8
5.103 15019.2
5.1036 15029.6
5.1042 15039.9
5.1048 15050.3
5.10541 15060.5
5.10601 15070.8
5.10661 15081
5.10721 15091.2
5.10781 15101.3
5.10841 15111.4
5.10901 15121.4
5.10961 15131.5
5.11021 15141.4
5.11081 15151.4
5.11141 15161.3
5.11201 15171.2
5.11261 15181
5.11321 15190.8
5.11381 15200.6
5.11441 15210.3
5.11502 15220
5.11562 15229.7
5.11622 15239.3
5.11682 15248.9
5.11742 15258.5
5.11802 15268
5.11862 15277.5
5.11922 15287
5.11982 15296.4
5.12042 15305.8
5.12102 15315.2
5.12162 15324.5
5.12222 15333.8
5.12282 15343
5.12342 15352.3
5.12402 15361.5
5.12462 15370.7
5.12523 15379.8
5.12583 15388.9
5.12643 15398
5.12703 15407
5.12763 15416
5.12823 15425
5.12883 15434
5.12943 15442.9
5.13003 15451.8
5.13063 15460.7
5.13123 15469.5
5.13183 15478.3
5.13243 15487.1
5.13303 15495.8
5.13363 15504.6
5.13423 15513.3
5.13483 15521.9
5.13544 15530.6
5.13604 15539.2
5.13664 15547.7
5.13724 15556.3
5.13784 15564.8
5.13844 15573.3
5.13904 15581.8
5.13964 15590.2
5.14024 15598.7
5.14084 15607.1
5.14144 15615.4
5.14204 15623.8
5.14264 15632.1
5.14324 15640.4
5.14384 15648.6
5.14444 15656.9
5.14505 15665.1
5.14565 15673.3
5.14625 15681.5
5.14685 15689.6
5.14745 15697.7
5.14805 15705.8
5.14865 15713.9
5.14925 15721.9
5.14985 15729.9
5.15045 15737.9
5.15105 15745.9
5.15165 15753.9
5.15225 15761.8
5.15285 15769.7
5.15345 15777.6
5.15405 15785.5
5.15465 15793.3
5.15526 15801.2
5.15586 15809
5.15646 15816.7
5.15706 15824.5
5.15766 15832.2
5.15826 15840
5.15886 15847.7
5.15946 15855.3
5.16006 15863
5.16066 15870.6
5.16126 15878.3
5.16186 15885.9
5.16246 15893.4
5.16306 15901
5.16366 15908.5
5.16426 15916.1
5.16486 15923.6
5.16547 15931.1
5.16607 15938.5
5.16667 15946
5.16727 15953.4
5.16787 15960.9
5.16847 15968.3
5.16907 15975.6
5.16967 15983
5.17027 15990.4
5.17087 15997.7
5.17147 16005
5.17207 16012.3
5.17267 16019.6
5.17327 16026.9
5.17387 16034.1
5.17447 16041.4
5.17508 16048.6
5.17568 16055.8
5.17628 16063
5.17688 16070.2
5.17748 16077.4
5.17808 16084.5
5.17868 16091.7
5.17928 16098.8
5.17988 16105.9
5.18048 16113
5.18108 16120.1
5.18168 16127.2
5.18228 16134.3
5.18288 16141.3
5.18348 16148.4
5.18408 16155.4
5.18468 16162.4
5.18529 16169.4
5.18589 16176.4
5.18649 16183.4
5.18709 16190.4
5.18769 16197.3
5.18829 16204.3
5.18889 16211.2
5.18949 16218.1
5.19009 16225.1
5.19069 16232
5.19129 16238.9
5.19189 16245.8
5.19249 16252.7
5.19309 16259.5
5.19369 16266.4
5.19429 16273.3
5.19489 16280.1
5.1955 16286.9
5.1961 16293.8
5.1967 16300.6
5.1973 16307.4
5.1979 16314.2
5.1985 16321
5.1991 16327.8
5.1997 16334.6
5.2003 16341.4
5.2009 16348.2
5.2015 16355
5.2021 16361.7
5.2027 16368.5
5.2033 16375.2
5.2039 16382
5.2045 16388.7
5.20511 16395.5
5.20571 16402.2
5.20631 16408.9
5.20691 16415.6
5.20751 16422.4
5.20811 16429.1
5.20871 16435.8
5.20931 16442.5
5.20991 16449.2
5.21051 16455.9
5.21111 16462.6
5.21171 16469.3
5.21231 16476
5.21291 16482.7
5.21351 16489.4
5.21411 16496.1
5.21471 16502.8
5.21532 16509.4
5.21592 16516.1
5.21652 16522.8
5.21712 16529.5
5.21772 16536.2
5.21832 16542.8
5.21892 16549.5
5.21952 16556.2
5.22012 16562.9
5.22072 16569.6
5.22132 16576.2
5.22192 16582.9
5.22252 16589.6
5.22312 16596.3
5.22372 16603
5.22432 16609.7
5.22492 16616.3
5.22553 16623
5.22613 16629.7
5.22673 16636.4
5.22733 16643.1
5.22793 16649.8
5.22853 16656.5
5.22913 16663.2
5.22973 16669.9
5.23033 16676.6
5.23093 16683.3
5.23153 16690.1
5.23213 16696.8
5.23273 16703.5
5.23333 16710.2
5.23393 16717
5.23453 16723.7
5.23514 16730.5
5.23574 16737.2
5.23634 16744
5.23694 16750.7
5.23754 16757.5
5.23814 16764.3
5.23874 16771.1
5.23934 16777.8
5.23994 16784.6
5.24054 16791.4
5.24114 16798.2
5.24174 16805
5.24234 16811.9
5.24294 16818.7
5.24354 16825.5
5.24414 16832.4
5.24474 16839.2
5.24535 16846.1
5.24595 16853
5.24655 16859.8
5.24715 16866.7
5.24775 16873.6
5.24835 16880.5
5.24895 16887.4
5.24955 16894.4
5.25015 16901.3
5.25075 16908.2
5.25135 16915.2
5.25195 16922.2
5.25255 16929.1
5.25315 16936.1
5.25375 16943.1
5.25435 16950.1
5.25495 16957.1
5.25556 16964.2
5.25616 16971.2
5.25676 16978.3
5.25736 16985.3
5.25796 16992.4
5.25856 16999.4
5.25916 17006.5
5.25976 17013.6
5.26036 17020.7
5.26096 17027.8
5.26156 17035
5.26216 17042.1
5.26276 17049.2
5.26336 17056.4
5.26396 17063.5
5.26456 17070.7
5.26517 17077.9
5.26577 17085.1
5.26637 17092.3
5.26697 17099.5
5.26757 17106.7
5.26817 17113.9
5.26877 17121.2
5.26937 17128.4
5.26997 17135.7
5.27057 17142.9
5.27117 17150.2
5.27177 17157.5
5.27237 17164.8
5.27297 17172.1
5.27357 17179.4
5.27417 17186.7
5.27477 17194
5.27538 17201.3
5.27598 17208.7
5.27658 17216
5.27718 17223.4
5.27778 17230.8
5.27838 17238.1
5.27898 17245.5
5.27958 17252.9
5.28018 17260.3
5.28078 17267.7
5.28138 17275.2
5.28198 17282.6
5.28258 17290
5.28318 17297.5
5.28378 17304.9
5.28438 17312.4
5.28498 17319.9
5.28559 17327.3
5.28619 17334.8
5.28679 17342.3
5.28739 17349.8
5.28799 17357.3
5.28859 17364.9
5.28919 17372.4
5.28979 17379.9
5.29039 17387.5
5.29099 17395
5.29159 17402.6
5.29219 17410.1
5.29279 17417.7
5.29339 17425.3
5.29399 17432.9
5.29459 17440.5
5.2952 17448.1
5.2958 17455.7
5.2964 17463.3
5.297 17471
5.2976 17478.6
5.2982 17486.3
5.2988 17493.9
5.2994 17501.6
5.3 17509.2
5.3006 17516.9
5.3012 17524.6
5.3018 17532.3
5.3024 17540
5.303 17547.7
5.3036 17555.4
5.3042 17563.1
5.3048 17570.9
5.30541 17578.6
5.30601 17586.4
5.30661 17594.1
5.30721 17601.9
5.30781 17609.6
5.30841 17617.4
5.30901 17625.2
5.30961 17633
5.31021 17640.8
5.31081 17648.6
5.31141 17656.4
5.31201 17664.2
5.31261 17672
5.31321 17679.8
5.31381 17687.7
5.31441 17695.5
5.31502 17703.4
5.31562 17711.2
5.31622 17719.1
5.31682 17726.9
5.31742 17734.8
5.31802 17742.7
5.31862 17750.6
5.31922 17758.5
5.31982 17766.4
5.32042 17774.3
5.32102 17782.2
5.32162 17790.1
5.32222 17798.1
5.32282 17806
5.32342 17813.9
5.32402 17821.9
5.32462 17829.8
5.32523 17837.8
5.32583 17845.8
5.32643 17853.7
5.32703 17861.7
5.32763 17869.7
5.32823 17877.7
5.32883 17885.7
5.32943 17893.7
5.33003 17901.7
5.33063 17909.7
5.33123 17917.7
5.33183 17925.8
5.33243 17933.8
5.33303 17941.8
5.33363 17949.9
5.33423 17957.9
5.33483 17966
5.33544 17974
5.33604 17982.1
5.33664 17990.2
5.33724 17998.3
5.33784 18006.3
5.33844 18014.4
5.33904 18022.5
5.33964 18030.6
5.34024 18038.7
5.34084 18046.9
5.34144 18055
5.34204 18063.1
5.34264 18071.2
5.34324 18079.4
5.34384 18087.5
5.34444 18095.6
5.34505 18103.8
5.34565 18111.9
5.34625 18120.1
5.34685 18128.3
5.34745 18136.4
5.34805 18144.6
5.34865 18152.8
5.34925 18161
5.34985 18169.2
5.35045 18177.4
5.35105 18185.6
5.35165 18193.8
5.35225 18202
5.35285 18210.2
5.35345 18218.4
5.35405 18226.6
5.35465 18234.9
5.35526 18243.1
5.35586 18251.3
5.35646 18259.6
5.35706 18267.8
5.35766 18276.1
5.35826 18284.3
5.35886 18292.6
5.35946 18300.9
5.36006 18309.1
5.36066 18317.4
5.36126 18325.7
5.36186 18334
5.36246 18342.2
5.36306 18350.5
5.36366 18358.8
5.36426 18367.1
5.36486 18375.4
5.36547 18383.8
5.36607 18392.1
5.36667 18400.4
5.36727 18408.7
5.36787 18417
5.36847 18425.4
5.36907 18433.7
5.36967 18442
5.37027 18450.4
5.37087 18458.7
5.37147 18467.1
5.37207 18475.4
5.37267 18483.8
5.37327 18492.1
5.37387 18500.5
5.37447 18508.9
5.37508 18517.2
5.37568 18525.6
5.37628 18534
5.37688 18542.4
5.37748 18550.8
5.37808 18559.1
5.37868 18567.5
5.37928 18575.9
5.37988 18584.3
5.38048 18592.7
5.38108 18601.1
5.38168 18609.6
5.38228 18618
5.38288 18626.4
5.38348 18634.8
5.38408 18643.2
5.38468 18651.7
5.38529 18660.1
5.38589 18668.5
5.38649 18677
5.38709 18685.4
5.38769 18693.8
5.38829 18702.3
5.38889 18710.7
5.38949 18719.2
5.39009 18727.6
5.39069 18736.1
5.39129 18744.5
5.39189 18753
5.39249 18761.5
5.39309 18769.9
5.39369 18778.4
5.39429 18786.9
5.39489 18795.4
5.3955 18803.8
5.3961 18812.3
5.3967 18820.8
5.3973 18829.3
5.3979 18837.8
5.3985 18846.3
5.3991 18854.8
5.3997 18863.3
5.4003 18871.7
5.4009 18880.3
5.4015 18888.8
5.4021 18897.3
5.4027 18905.8
5.4033 18914.3
5.4039 18922.8
5.4045 18931.3
5.40511 18939.8
5.40571 18948.3
5.40631 18956.9
5.40691 18965.4
5.40751 18973.9
5.40811 18982.4
5.40871 18991
5.40931 18999.5
5.40991 19008
5.41051 19016.6
5.41111 19025.1
5.41171 19033.6
5.41231 19042.2
5.41291 19050.7
5.41351 19059.2
5.41411 19067.8
5.41471 19076.3
5.41532 19084.9
5.41592 19093.4
5.41652 19102
5.41712 19110.5
5.41772 19119.1
5.41832 19127.6
5.41892 19136.2
5.41952 19144.8
5.42012 19153.3
5.42072 19161.9
5.42132 19170.4
5.42192 19179
5.42252 19187.6
5.42312 19196.1
5.42372 19204.7
5.42432 19213.3
5.42492 19221.8
5.42553 19230.4
5.42613 19239
5.42673 19247.5
5.42733 19256.1
5.42793 19264.7
5.42853 19273.3
5.42913 19281.8
5.42973 19290.4
5.43033 19299
5.43093 19307.6
5.43153 19316.2
5.43213 19324.7
5.43273 19333.3
5.43333 19341.9
5.43393 19350.5
5.43453 19359.1
5.43514 19367.6
5.43574 19376.2
5.43634 19384.8
5.43694 19393.4
5.43754 19402
5.43814 19410.6
5.43874 19419.1
5.43934 19427.7
5.43994 19436.3
5.44054 19444.9
5.44114 19453.5
5.44174 19462.1
5.44234 19470.7
5.44294 19479.3
5.44354 19487.8
5.44414 19496.4
5.44474 19505
5.44535 19513.6
5.44595 19522.2
5.44655 19530.8
5.44715 19539.4
5.44775 19548
5.44835 19556.5
5.44895 19565.1
5.44955 19573.7
5.45015 19582.3
5.45075 19590.9
5.45135 19599.5
5.45195 19608.1
5.45255 19616.6
5.45315 19625.2
5.45375 19633.8
5.45435 19642.4
5.45495 19651
5.45556 19659.6
5.45616 19668.2
5.45676 19676.7
5.45736 19685.3
5.45796 19693.9
5.45856 19702.5
5.45916 19711.1
5.45976 19719.6
5.46036 19728.2
5.46096 19736.8
5.46156 19745.4
5.46216 19753.9
5.46276 19762.5
5.46336 19771.1
5.46396 19779.7
5.46456 19788.2
5.46517 19796.8
5.46577 19805.4
5.46637 19814
5.46697 19822.5
5.46757 19831.1
5.46817 19839.7
5.46877 19848.2
5.46937 19856.8
5.46997 19865.4
5.47057 19873.9
5.47117 19882.5
5.47177 19891
5.47237 19899.6
5.47297 19908.1
5.47357 19916.7
5.47417 19925.3
5.47477 19933.8
5.47538 19942.4
5.47598 19950.9
5.47658 19959.5
5.47718 19968
5.47778 19976.5
5.47838 19985.1
5.47898 19993.6
5.47958 20002.2
5.48018 20010.7
5.48078 20019.2
5.48138 20027.8
5.48198 20036.3
5.48258 20044.8
5.48318 20053.4
5.48378 20061.9
5.48438 20070.4
5.48498 20078.9
5.48559 20087.4
5.48619 20096
5.48679 20104.5
5.48739 20113
5.48799 20121.5
5.48859 20130
5.48919 20138.5
5.48979 20147
5.49039 20155.5
5.49099 20164
5.49159 20172.5
5.49219 20181
5.49279 20189.5
5.49339 20198
5.49399 20206.5
5.49459 20215
5.4952 20223.5
5.4958 20231.9
5.4964 20240.4
5.497 20248.9
5.4976 20257.4
5.4982 20265.8
5.4988 20274.3
5.4994 20282.8
5.5 20291.2
5.5006 20299.7
5.5012 20308.1
5.5018 20316.6
5.5024 20325
5.503 20333.5
5.5036 20341.9
5.5042 20350.4
5.5048 20358.8
5.50541 20367.2
5.50601 20375.7
5.50661 20384.1
5.50721 20392.5
5.50781 20401
5.50841 20409.4
5.50901 20417.8
5.50961 20426.2
5.51021 20434.6
5.51081 20443
5.51141 20451.4
5.51201 20459.8
5.51261 20468.2
5.51321 20476.6
5.51381 20485
5.51441 20493.4
5.51502 20501.8
5.51562 20510.2
5.51622 20518.6
5.51682 20527
5.51742 20535.3
5.51802 20543.7
5.51862 20552.1
5.51922 20560.5
5.51982 20568.8
5.52042 20577.2
5.52102 20585.5
5.52162 20593.9
5.52222 20602.2
5.52282 20610.6
5.52342 20618.9
5.52402 20627.3
5.52462 20635.6
5.52523 20643.9
5.52583 20652.3
5.52643 20660.6
5.52703 20668.9
5.52763 20677.3
5.52823 20685.6
5.52883 20693.9
5.52943 20702.2
5.53003 20710.5
5.53063 20718.8
5.53123 20727.1
5.53183 20735.4
5.53243 20743.7
5.53303 20752
5.53363 20760.3
5.53423 20768.6
5.53483 20776.9
5.53544 20785.2
5.53604 20793.4
5.53664 20801.7
5.53724 20810
5.53784 20818.3
5.53844 20826.5
5.53904 20834.8
5.53964 20843
5.54024 20851.3
5.54084 20859.5
5.54144 20867.8
5.54204 20876
5.54264 20884.3
5.54324 20892.5
5.54384 20900.7
5.54444 20909
5.54505 20917.2
5.54565 20925.4
5.54625 20933.6
5.54685 20941.9
5.54745 20950.1
5.54805 20958.3
5.54865 20966.5
5.54925 20974.7
5.54985 20982.9
5.55045 20991.1
5.55105 20999.3
5.55165 21007.5
5.55225 21015.7
5.55285 21023.8
5.55345 21032
5.55405 21040.2
5.55465 21048.4
5.55526 21056.5
5.55586 21064.7
5.55646 21072.9
5.55706 21081
5.55766 21089.2
5.55826 21097.3
5.55886 21105.5
5.55946 21113.6
5.56006 21121.7
5.56066 21129.9
5.56126 21138
5.56186 21146.1
5.56246 21154.3
5.56306 21162.4
5.56366 21170.5
5.56426 21178.6
5.56486 21186.7
5.56547 21194.8
5.56607 21202.9
5.56667 21211
5.56727 21219.1
5.56787 21227.2
5.56847 21235.3
5.56907 21243.4
5.56967 21251.5
5.57027 21259.5
5.57087 21267.6
5.57147 21275.7
5.57207 21283.7
5.57267 21291.8
5.57327 21299.9
5.57387 21307.9
5.57447 21316
5.57508 21324
5.57568 21332
5.57628 21340.1
5.57688 21348.1
5.57748 21356.2
5.57808 21364.2
5.57868 21372.2
5.57928 21380.2
5.57988 21388.2
5.58048 21396.2
5.58108 21404.2
5.58168 21412.2
5.58228 21420.2
5.58288 21428.2
5.58348 21436.2
5.58408 21444.2
5.58468 21452.2
5.58529 21460.2
5.58589 21468.2
5.58649 21476.1
5.58709 21484.1
5.58769 21492.1
5.58829 21500
5.58889 21508
5.58949 21515.9
5.59009 21523.9
5.59069 21531.8
5.59129 21539.7
5.59189 21547.7
5.59249 21555.6
5.59309 21563.5
5.59369 21571.5
5.59429 21579.4
5.59489 21587.3
5.5955 21595.2
5.5961 21603.1
5.5967 21611
5.5973 21618.9
5.5979 21626.8
5.5985 21634.7
5.5991 21642.6
5.5997 21650.5
5.6003 21658.3
5.6009 21666.2
5.6015 21674.1
5.6021 21681.9
5.6027 21689.8
5.6033 21697.7
5.6039 21705.5
5.6045 21713.4
5.60511 21721.2
5.60571 21729
5.60631 21736.9
5.60691 21744.7
5.60751 21752.5
5.60811 21760.4
5.60871 21768.2
5.60931 21776
5.60991 21783.8
5.61051 21791.6
5.61111 21799.4
5.61171 21807.2
5.61231 21815
5.61291 21822.8
5.61351 21830.6
5.61411 21838.3
5.61471 21846.1
5.61532 21853.9
5.61592 21861.6
5.61652 21869.4
5.61712 21877.2
5.61772 21884.9
5.61832 21892.7
5.61892 21900.4
5.61952 21908.1
5.62012 21915.9
5.62072 21923.6
5.62132 21931.3
5.62192 21939
5.62252 21946.8
5.62312 21954.5
5.62372 21962.2
5.62432 21969.9
5.62492 21977.6
5.62553 21985.3
5.62613 21993
5.62673 22000.7
5.62733 22008.3
5.62793 22016
5.62853 22023.7
5.62913 22031.3
5.62973 22039
5.63033 22046.7
5.63093 22054.3
5.63153 22062
5.63213 22069.6
5.63273 22077.2
5.63333 22084.9
5.63393 22092.5
5.63453 22100.1
5.63514 22107.8
5.63574 22115.4
5.63634 22123
5.63694 22130.6
5.63754 22138.2
5.63814 22145.8
5.63874 22153.4
5.63934 22161
5.63994 22168.6
5.64054 22176.1
5.64114 22183.7
5.64174 22191.3
5.64234 22198.8
5.64294 22206.4
5.64354 22213.9
5.64414 22221.5
5.64474 22229
5.64535 22236.6
5.64595 22244.1
5.64655 22251.6
5.64715 22259.2
5.64775 22266.7
5.64835 22274.2
5.64895 22281.7
5.64955 22289.2
5.65015 22296.7
5.65075 22304.2
5.65135 22311.7
5.65195 22319.2
5.65255 22326.7
5.65315 22334.2
5.65375 22341.6
5.65435 22349.1
5.65495 22356.6
5.65556 22364
5.65616 22371.5
5.65676 22378.9
5.65736 22386.4
5.65796 22393.8
5.65856 22401.2
5.65916 22408.7
5.65976 22416.1
5.66036 22423.5
5.66096 22430.9
5.66156 22438.3
5.66216 22445.7
5.66276 22453.1
5.66336 22460.5
5.66396 22467.9
5.66456 22475.3
5.66517 22482.7
5.66577 22490
5.66637 22497.4
5.66697 22504.8
5.66757 22512.1
5.66817 22519.5
5.66877 22526.8
5.66937 22534.2
5.66997 22541.5
5.67057 22548.8
5.67117 22556.1
5.67177 22563.5
5.67237 22570.8
5.67297 22578.1
5.67357 22585.4
5.67417 22592.7
5.67477 22600
5.67538 22607.3
5.67598 22614.6
5.67658 22621.9
5.67718 22629.1
5.67778 22636.4
5.67838 22643.7
5.67898 22650.9
5.67958 22658.2
5.68018 22665.4
5.68078 22672.7
5.68138 22679.9
5.68198 22687.1
5.68258 22694.4
5.68318 22701.6
5.68378 22708.8
5.68438 22716
5.68498 22723.2
5.68559 22730.4
5.68619 22737.6
5.68679 22744.8
5.68739 22752
5.68799 22759.2
5.68859 22766.3
5.68919 22773.5
5.68979 22780.7
5.69039 22787.8
5.69099 22795
5.69159 22802.1
5.69219 22809.3
5.69279 22816.4
5.69339 22823.5
5.69399 22830.6
5.69459 22837.8
5.6952 22844.9
5.6958 22852
5.6964 22859.1
5.697 22866.2
5.6976 22873.3
5.6982 22880.4
5.6988 22887.4
5.6994 22894.5
5.7 22901.6
